37 INDEX 1401111144 SI IIIIJII.

’1443341314414444333444411443414444441377,4434 j 443414414444,3. 433 4433.43444444·44113144.41441
331 41443344 cycnum 333443143314444344 3. 4374 14344, 1414444444,(41443441444441,) 1441443343,
Herculem 411443141334414444144144411347.134·’ 4414643334, 747 seqq 3314444144344444334344341·
1434444334,34744444414,3434,34,ηω4,4413444311441434444.

3404 43434, 373, 4344443343. 713734433447444343. 74,Ι Κητὼ, 4144, 13144431411441114, mmmm 4
447, Ι 113433 1441341131 (4343141344, 770 434443, 44

’4411144414411443334114444141171443344444144144433443114314 ,333.4433
73334434, 144441111334433411434311444441144143, lut, 4444,’17431444443411 444,1’3414443434434444,
LXII 4144444444 14431434 34331444144444, S. 334 seqq,- cy·
14444, 1444443434, LXXXVI. mum, 4431414331,444414433131444413344414 443474,
14443314, 311444114131331734. 5471444344 331311343133134,547413144
44343464, 111141334134444434 734. 4434443114 44434444), 344141Ηωί31341, mnu
’41134111131111117441 4443111111.
’ ‘Im'm mbffistsspffiugcim Ἢγξιμ· Xrffibcu 1444434 ,,144341434444 omn ,1443343141
’44443444 31114414441434113331411341. 117. 14344, 33144 44144444144 11111441 4444443434, 337,
Ἵππου 43444, 14333443341414 1111341133. 40444 44 4144314444 Agrii, 1441444, 14143411, 4344
’444134444034434441441334 4344343343 31434114414114444444144 1444444344,
’,4344 4334, ιν, 11311134411344144144, 344443, 733, 733, cen.
4444441314 1344 41 14444441 4144444444 3444444311 143344, 11334114 urbo, 01117.
(34434 {stru-Ihm) 3444444444414441413ι 730, 714. 1)1334,ἠ,131443 33341441,471741.
14444, 73444, 1144144 Saturni 41444, 434. . 1744433734, 41, 4443474344.
Ἴστρος, 14444444, 031411441434144344143443334, 333. num, 11441441 uun, 4334434444, LXVII.
’43434111440343113134141144444,4.111714. 14443, 444, 013 44444,77.
’4344431334 suerat, 1344 4433444 44444 344, 07. 17441744, 41444444 1144, 14444 4444144414 4114441434,
1344144344, 1314441141, 431434, 3. 444. 34431 1413, 111744.
’,4344444 434, 4131444314 44 44313444 S S 47, 11634444, 0433314144, 3147.
44444,73-1733444,4)344443111444413444444444,1444443144114
1·344444,14431434 44 0144444444 4, 3414444443 44413414, 14441433,114444143444444 Sole, 01114. 7144444 omniu
0311143144414434134334 3443443174. 131, 334, 3374 44 143443 1441314444 44144444,
’,4344443434 44344 3434, 4134414441 1414111111. 1144444444, 1431441441, 1341344444, 307 seqq.

’ Ἴφιτος, 13114443133444 13413434117 11434444, 331144, 34444 11431341431444334,017.

Iu, 334, 1443144114, 41344331344444,1413434433ι1 173444,034444441314444,337
3311344444, V. 1134434, 1344144441333444 XLV.

433443143413344 41433441311144443341444334413 ¹

4434144311, 3..733
K, 14444, 01144114344444 434· ,palummum

41144133, 40443344
13134434,714.0414774444141444441444414,9404341ἰώ 13334444,4134,4ν,117144411114, qumbthnm

444734, Thebani, 3734 3434331444, 3. 43. 13414, LXXXVII3 nyudumum, LXVII.

Καδμιΐω 411.441.141331444411ὼε monim& 133434, 04414314141144.3414414134, 447 44344, ,

0. 437. 443, 333, 744, 734, 347. 741. ’0334434444 2
44334444,41444134141444414, 3444343344, 937· ,44443444 noum, 1433431411433441444431 1141314113-

Inus, Semeles, 444434, 4444374334, 13441441, 373 mm} quI 3441 3431443144 Imm, 1044 3344444

“XIII- AEtoloe ub 4331144331, 014.
144434,1144434,044414 4414414341, 4333414444, 343 xpm, 434, 43 (Robur), 41111133433444411,
1344434, 414, 31343143411441 3143434334 S. 179 333, cum 1144714341 13441 14441444 ,.,33344344
13314644, Musarum 44444, 44344 43334343434443434444· 404 seqq

31434, 79. 1344444, 34434, Thebanorum 441, Henioche· 43444434,
4443344, 1433411331, 434, 334, 3734 e 3444- s. 43.

saure 144444 Geryonis, 737 sequ, 373 sequ, 44 1344434,414,13444.,11444.

13444141, 793. 1344, 434, I, 4744443444,1117114 34 133444, cmm,
13744343, 334, 441. 11444. quorum 444 4344443, 014111
147344, 1314143344144344443414113,01117. 134444,413344, 311344344434, 4774134133144 14434
131333, 334, unu 0344441131, ιμρόεσσα, 3394 443344· 44 3144444444, 430, 4334444 434 Iasius 3314734444 334·

3314414314311443434414143,34334434, 4347. cubuit, 9744 huc 1331444 14443343 144444, 011414
141444, 44434, 44444, 4713343 vaticinandi 4444443434, 4433 0413 434444, 114444 434 41444 Dactyli 1344341 441-

3443 1143441131 344444, 31741. permut, 0174 1144144441 vicinitate 044144 insula 4444,
1433444434,14444434 433444 3 14434433, LVIII. chII.
1134433,3334,10144141341117113734,14414 4414141414434441134417443441144411,
1343334734, 34 quI Troglodytae 414144 43341434 1147. 141144444,144444, 373 seqq.

14341334, 34, LXXXII, 3311431344 334444441134 13444344, 443, 3441144133 33, 447, 473, 430,

33144 14333443434414444 34344334. 377, 37440. 43 (4144434444) 74, 433, 433, 433, 737,
1433334041 344444, 1431431443111114414, 340 seqq, 747, XXV·

3341131441* 13344434, 1434, SatumII„ 14431444, 4, 334, 9494 0.
1434474, 4334, 0334144141 una 34444 43441 333. 747, 739, 7734 (1114147414 que, 343· ,4474344344 3.
44433134, 34434344 34444 1143413113, 933. 33, 343444μᾶ11111, 3 33 3444344144,334.
113,4334,4,1334113344774444144331344343 136434, 34434444,044143144134144., 437, 4414434414

 

